     H-H    Vee_{GU}    Vee_{Mu}    Vee_{BBC1}    Vee_{FCI}
--------  ----------  ----------  ------------  -----------
0.5         0.806466    0.793993      0.796789     2.79875
0.689655    0.762459    0.74856       0.751819     2.2038
0.87931     0.717855    0.702345      0.70615      1.84537
1.06897     0.675332    0.657978      0.662392     1.59983
1.25862     0.636149    0.616579      0.621647     1.41812
1.44828     0.600787    0.578423      0.584172     1.27664
1.63793     0.569315    0.543352      0.549794     1.16243
1.82759     0.541616    0.511009      0.518133     1.0676
2.01724     0.517514    0.480957      0.488732     0.987036
2.2069      0.496826    0.452771      0.461138     0.917184
2.39655     0.479382    0.426091      0.434963     0.855538
2.58621     0.465015    0.40067       0.409924     0.800302
2.77586     0.453532    0.376399      0.385876     0.750213
2.96552     0.444658    0.353305      0.362813     0.704422
3.15517     0.43799     0.331518      0.340846     0.662393
3.34483     0.432992    0.311212      0.320152     0.623801
3.53448     0.42905     0.292538      0.300911     0.588447
3.72414     0.425568    0.275577      0.283252     0.556171
3.91379     0.422061    0.260322      0.267221     0.526809
4.10345     0.418202    0.246685      0.252783     0.500166
4.2931      0.413829    0.234523      0.239835     0.476019
4.48276     0.408916    0.223662      0.228235     0.454124
4.67241     0.403523    0.213927      0.217826     0.434236
4.86207     0.397761    0.205151      0.208451     0.41612
5.05172     0.391752    0.197188      0.199963     0.399562
5.24138     0.385615    0.189913      0.192238     0.384368
5.43103     0.379451    0.183226      0.185167     0.370374
5.62069     0.373341    0.177044      0.178658     0.357434
5.81034     0.367346    0.171298      0.172639     0.345427
6           0.361488    0.165915      0.167048     0.334247
