     H-H    Vee_{GU}    Vee_{Mu}    Vee_{BBC1}    Vee_{FCI}
--------  ----------  ----------  ------------  -----------
0.5         0.826438    0.810626      0.816632     2.81823
0.689655    0.767966    0.751399      0.758034     2.20962
0.87931     0.71532     0.697714      0.704938     1.84383
1.06897     0.668865    0.6498        0.657582     1.5948
1.25862     0.628072    0.607004      0.615325     1.41172
1.44828     0.592266    0.568518      0.57737      1.26989
1.63793     0.560852    0.533581      0.542963     1.15574
1.82759     0.533362    0.501543      0.511457     1.06113
2.01724     0.509448    0.471866      0.482306     0.980832
2.2069      0.488865    0.444115      0.455055     0.911319
2.39655     0.471445    0.41795       0.429338     0.850117
2.58621     0.457053    0.39314       0.404889     0.795455
2.77586     0.44553     0.369557      0.381543     0.746061
2.96552     0.436639    0.347183      0.359241     0.701036
3.15517     0.430025    0.326088      0.338023     0.659769
3.34483     0.425203    0.306396      0.318        0.621865
3.53448     0.421596    0.288236      0.299308     0.58707
3.72414     0.418614    0.271696      0.282061     0.555207
3.91379     0.415736    0.256795      0.266321     0.526121
4.10345     0.412581    0.243471      0.252078     0.499647
4.2931      0.408928    0.231603      0.23926      0.475595
4.48276     0.404705    0.22103       0.227751     0.453753
4.67241     0.399945    0.211577      0.217408     0.433897
4.86207     0.394744    0.203074      0.208084     0.415807
5.05172     0.389216    0.195364      0.199643     0.399275
5.24138     0.383448    0.188283      0.191959     0.38411
5.43103     0.377581    0.18176       0.184927     0.370147
5.62069     0.371715    0.175724      0.178455     0.357239
5.81034     0.365912    0.170099      0.172469     0.345263
6           0.360202    0.164811      0.166907     0.334112
